= 

= 

[0.         0.         0.         0.         0.         0.
 0.         0.         0.         0.01312251 0.01312251 0.01312251
 0.01312251 0.01312251 0.01312251 0.01312251 0.         0.01312251
 0.02167795 0.02167795 0.02167795 0.02167795 0.02167795 0.01312251
 0.         0.01312251 0.02167795 0.03757917 0.03757917 0.03757917
 0.02167795 0.01312251 0.         0.01312251 0.02167795 0.03757917
 0.03757917 0.03757917 0.02167795 0.01312251 0.         0.01312251
 0.02167795 0.03757917 0.03757917 0.03757917 0.02167795 0.01312251
 0.         0.01312251 0.02167795 0.02167795 0.02167795 0.02167795
 0.02167795 0.01312251 0.         0.01312251 0.01312251 0.01312251
 0.01312251 0.01312251 0.01312251 0.01312251 0.         0.
 0.         0.         0.         0.         0.         0.
 0.        ]
